171.32481321996573
89.15384798633809
20.35243559856804
7.235539475265814
4.808860788539964
3.9180663118557053
3.594946000040794
3.462018825569931
3.2869040820063375
3.1568813713229433
3.063038782197602
2.956616479523328
2.895261341211747
2.8805644706803926
2.8523502495824076
2.7964229389112822
2.758022775455397
2.7476644564648063
2.7119613423639413
2.702285489257501
2.7189156327928816
2.6682403087615967
2.597383606190584
2.6000135528798007
2.583214891200163
2.5678446730788873
2.550275369566314
2.5387125793768437
2.5382553752587764
2.552772283554077
2.553898884325611
2.5044182611971486
2.505017956908868
2.4760127748761858
2.455753185311142
2.4735688433355216
2.4500176371360314
2.4465934500402335
2.452866607782792
2.4408327316751284
2.4436338920982514
2.4442898448632686
2.4498628937468236
2.435075399826984
2.4265507240684663
2.3959309422239965
2.4141588794941806
2.3684724399021695
2.3590577183937538
2.3364563572163486
2.3516040626837285
2.3569682763547313
2.352225975114472
2.328292788291464
2.3361015222510515
2.3375410936316667
2.338267501519651
2.3388889857700894
2.3319477840345733
2.3240056135216536
2.301753180367606
2.302186309074869
2.299536315762267
2.290202340301202
2.2994106934995067
2.293030398232596
2.2843067013487524
2.280905071569949
2.2774173580870336
2.2689261679746666
2.2593386611159967
2.251317705426897
2.264171838760376
2.2623885748337726
2.2523960848243867
2.2620164423572775
2.241569003280328
2.259399944422196
2.235431500843593
2.270152748847494
2.2313022856809654
2.245479632397087
2.230732032230922
2.233237023256263
2.2369088518376254
2.2444251021560357
2.2315602253894418
2.2423689219416403
2.222663387960317
2.2134705222382838
2.2363759108952115
2.212431795743047
2.2124341969587364
2.2256990354888293
2.2345063637713998
2.217099447639621
2.205249241420201
2.2353271610882817
2.225181920187814
2.239011691541088
