106.66678799523248
3.628150871064928
2.4643259048461914
2.5253474765353734
2.523310316933526
2.4827930662367077
2.3714028464423285
2.4505853176116945
2.4129381444719105
2.407162067625258
2.391136238310072
2.3450491428375244
2.339353190528022
2.3604981236987643
2.3250997092988754
2.3571730348798963
2.3734222253163657
2.273087914784749
2.343893467055427
2.294811979929606
2.3117212136586507
2.263761756155226
2.2752528852886624
2.259163188934326
2.2525975677702164
2.2458928426106772
2.2417936033672756
2.2238591300116646
2.2332746797137792
2.214190157254537
2.1768708070119223
2.1872654570473564
2.203637048933241
2.156192734506395
2.1539038631651137
2.167437669965956
2.1142348421944512
2.1516084565056697
2.12980494234297
2.1308918714523317
2.0999595059288874
2.0950786590576174
2.090203497144911
2.061467260784573
2.0599678066041736
2.0397690481609767
1.9722702317767673
1.982211242781745
1.960511604944865
1.959771908654107
1.9326147900687323
1.937266116672092
1.8835680458280775
1.8994568480385674
1.8918872170978123
1.904646666844686
1.8722096337212457
1.8646776676177979
1.8294354067908394
1.8027834945254855
1.7913229915830824
1.820430580774943
1.7946079121695624
1.7372804827160306
1.7518754985597398
1.716863128874037
1.742142187224494
1.7201485289467706
1.7253194755978054
1.7082565546035766
1.6824621359507244
1.6700805452134875
1.667227159606086
1.6570133235719469
1.6653318007787068
1.6481290154986912
1.6177122725380793
1.593656505478753
1.603772324985928
1.5896555344263712
1.5946046855714586
1.56632678243849
1.571842736668057
1.5692479186587864
1.5608527607387968
1.5475223355823093
1.5440027501848008
1.5595845964219834
1.5446557468838162
1.5388037787543403
1.5268930753072103
1.530294614368015
1.5390524705251059
1.518646478652954
1.5276987526151868
1.546915947066413
1.5384942611058554
1.5183878342310588
1.523453164100647
1.5174959897994995
