50.356511178844706
7.321052017326126
4.1288317613259045
3.2677935069192667
2.8816892593920587
2.689991806081669
2.60299206636623
2.548289365397242
2.512369261530345
2.4753140639402194
2.4466901967625416
2.43531066928795
2.419467382802221
2.4266308563911987
2.4014282904699176
2.389249344428856
2.394956605163163
2.3690926725279073
2.366973364781477
2.363429114847126
2.341550375173192
2.3298023464437017
2.304142327365761
2.3150820246713604
2.313770586858966
2.318094546209552
2.3065365763481505
2.297751778614021
2.3045144616486786
2.2871651542400886
2.2631537924983545
2.2617870929712307
2.258675674835365
2.2689427230172527
2.255396333640207
2.2354719738760394
2.233743647615353
2.2287198065997598
2.2155484392971334
2.2103245397527775
2.225898812630933
2.210454771261729
2.188361917070286
2.1942925149809103
2.192653659931914
2.1839997547115395
2.1838891302754067
2.1831880454531687
2.176710721618401
2.172997752706448
2.1463681520102265
2.145409328494957
2.119710536417133
2.1264699080033216
2.1150120268324892
2.125828286487899
2.097081606259603
2.103604810680458
2.0879088643782153
2.072970493467982
2.0706549989963006
2.0670771927176834
2.0741527462433913
2.0707604317607995
2.0414644519012133
2.028871053350186
2.0363441509401015
2.027762604330828
2.012832567363442
2.007721370922591
1.997595436915666
1.9886202708689753
1.9882501442275362
1.9800682820959719
1.9661552699026232
1.9671354925561093
1.9451904186231648
1.9428816612609132
1.9315193452520998
1.9287639713572884
1.920717048073957
1.8984231681167008
1.8969857300113062
1.8990556704783867
1.890023752600847
1.8817281027040083
1.8728068849283779
1.871946070365563
1.86710788496954
1.8743656220550309
1.8566282188107153
1.8576908397103498
1.8614738087454241
1.8506964016817287
1.846558252137578
1.8524398375414088
1.846296859001685
1.8522612274049999
1.843173676622128
1.846262172667566
