179.47162339691923
5.096037546641081
3.82730805027279
3.509989802530768
3.3123943206216
3.2101904892875686
3.1643275702068308
3.113221902078493
3.074245828584609
3.0605485526247813
3.0373795297919215
3.0225359327276013
3.0163460798318464
3.0124229025703473
2.9987741935276024
2.971549829457406
2.9779572889580606
2.9670087769484565
2.9609298765544927
2.9531804009728604
2.9413533453291527
2.94337682989417
2.9249300865202628
2.9358247058634106
2.9121501056795616
2.9226559805549726
2.900436575719354
2.8887759769717927
2.903123058421598
2.885577938607009
2.8927615869525756
2.8646913938467424
2.876325760601578
2.862980460022324
2.841818411839901
2.8683762120193803
2.856819400402955
2.8537527823860036
2.8306471152863897
2.8148448865381632
2.816228861543359
2.802587468884957
2.7976104865376183
2.804914156443327
2.7876374208995798
2.7662033723549286
2.7748524826913785
2.7686904488049175
2.7569147968475285
2.742192729649754
2.724714459933612
2.723048903434153
2.7157062957932077
2.704108584636461
2.7098276912594024
2.6862253740058066
2.672711883076322
2.663188409439204
2.651165159558609
2.641803869587904
2.629632745274198
2.6102664035936236
2.61298779745706
2.5984013940917325
2.59619687980974
2.5821193458937866
2.5568328544411685
2.5469116514795345
2.537721443084746
2.524943515114958
2.5198644415659546
2.5068949591404186
2.493059207747857
2.474325509995737
2.4701122656435976
2.4543838528433595
2.4604188402875145
2.4356941760387163
2.4316731098746156
2.4116392030368154
2.407094843785731
2.3992040729339656
2.390415268987703
2.3755648058343986
2.3733111544442496
2.3636324977691707
2.3568796631013136
2.35057020667876
2.336699593318859
2.3369707054460345
2.331688097022088
2.3215786943966505
2.3196752936277187
2.3306237717736478
2.322800624393456
2.3218679686654324
2.3145900225685105
2.3174959087097258
2.307120535057932
2.305325104728084
